800
4;3,2,1,0
4;2,5,4,1
4;5,7,6,4
4;7,9,8,6
4;9,11,10,8
4;0,1,13,12
4;1,4,14,13
4;4,6,15,14
4;6,8,16,15
4;8,10,17,16
4;12,13,19,18
4;13,14,20,19
4;14,15,21,20
4;15,16,22,21
4;16,17,23,22
4;18,19,25,24
4;19,20,26,25
4;20,21,27,26
4;21,22,28,27
4;22,23,29,28
4;24,25,31,30
4;25,26,32,31
4;26,27,33,32
4;27,28,34,33
4;28,29,35,34
4;39,38,37,36
4;38,41,40,37
4;41,43,42,40
4;43,45,44,42
4;45,47,46,44
4;36,37,49,48
4;37,40,50,49
4;40,42,51,50
4;42,44,52,51
4;44,46,53,52
4;48,49,55,54
4;49,50,56,55
4;50,51,57,56
4;51,52,58,57
4;52,53,59,58
4;54,55,61,60
4;55,56,62,61
4;56,57,63,62
4;57,58,64,63
4;58,59,65,64
4;60,61,2,3
4;61,62,5,2
4;62,63,7,5
4;63,64,9,7
4;64,65,11,9
4;69,68,67,66
4;68,71,70,67
4;71,73,72,70
4;73,75,74,72
4;75,77,76,74
4;66,67,79,78
4;67,70,80,79
4;70,72,81,80
4;72,74,82,81
4;74,76,83,82
4;78,79,85,84
4;79,80,86,85
4;80,81,87,86
4;81,82,88,87
4;82,83,89,88
4;84,85,91,90
4;85,86,92,91
4;86,87,93,92
4;87,88,94,93
4;88,89,95,94
4;90,91,38,39
4;91,92,41,38
4;92,93,43,41
4;93,94,45,43
4;94,95,47,45
4;30,31,97,96
4;31,32,98,97
4;32,33,99,98
4;33,34,100,99
4;34,35,101,100
4;96,97,103,102
4;97,98,104,103
4;98,99,105,104
4;99,100,106,105
4;100,101,107,106
4;102,103,109,108
4;103,104,110,109
4;104,105,111,110
4;105,106,112,111
4;106,107,113,112
4;108,109,115,114
4;109,110,116,115
4;110,111,117,116
4;111,112,118,117
4;112,113,119,118
4;114,115,68,69
4;115,116,71,68
4;116,117,73,71
4;117,118,75,73
4;118,119,77,75
4;123,122,121,120
4;122,125,124,121
4;125,127,126,124
4;127,129,128,126
4;129,3,0,128
4;120,121,131,130
4;121,124,132,131
4;124,126,133,132
4;126,128,134,133
4;128,0,12,134
4;130,131,136,135
4;131,132,137,136
4;132,133,138,137
4;133,134,139,138
4;134,12,18,139
4;135,136,141,140
4;136,137,142,141
4;137,138,143,142
4;138,139,144,143
4;139,18,24,144
4;140,141,146,145
4;141,142,147,146
4;142,143,148,147
4;143,144,149,148
4;144,24,30,149
4;153,152,151,150
4;152,155,154,151
4;155,157,156,154
4;157,159,158,156
4;159,39,36,158
4;150,151,161,160
4;151,154,162,161
4;154,156,163,162
4;156,158,164,163
4;158,36,48,164
4;160,161,166,165
4;161,162,167,166
4;162,163,168,167
4;163,164,169,168
4;164,48,54,169
4;165,166,171,170
4;166,167,172,171
4;167,168,173,172
4;168,169,174,173
4;169,54,60,174
4;170,171,122,123
4;171,172,125,122
4;172,173,127,125
4;173,174,129,127
4;174,60,3,129
4;178,177,176,175
4;177,180,179,176
4;180,182,181,179
4;182,184,183,181
4;184,69,66,183
4;175,176,186,185
4;176,179,187,186
4;179,181,188,187
4;181,183,189,188
4;183,66,78,189
4;185,186,191,190
4;186,187,192,191
4;187,188,193,192
4;188,189,194,193
4;189,78,84,194
4;190,191,196,195
4;191,192,197,196
4;192,193,198,197
4;193,194,199,198
4;194,84,90,199
4;195,196,152,153
4;196,197,155,152
4;197,198,157,155
4;198,199,159,157
4;199,90,39,159
4;145,146,201,200
4;146,147,202,201
4;147,148,203,202
4;148,149,204,203
4;149,30,96,204
4;200,201,206,205
4;201,202,207,206
4;202,203,208,207
4;203,204,209,208
4;204,96,102,209
4;205,206,211,210
4;206,207,212,211
4;207,208,213,212
4;208,209,214,213
4;209,102,108,214
4;210,211,216,215
4;211,212,217,216
4;212,213,218,217
4;213,214,219,218
4;214,108,114,219
4;215,216,177,178
4;216,217,180,177
4;217,218,182,180
4;218,219,184,182
4;219,114,69,184
4;223,222,221,220
4;222,225,224,221
4;225,227,226,224
4;227,229,228,226
4;229,123,120,228
4;220,221,231,230
4;221,224,232,231
4;224,226,233,232
4;226,228,234,233
4;228,120,130,234
4;230,231,236,235
4;231,232,237,236
4;232,233,238,237
4;233,234,239,238
4;234,130,135,239
4;235,236,241,240
4;236,237,242,241
4;237,238,243,242
4;238,239,244,243
4;239,135,140,244
4;240,241,246,245
4;241,242,247,246
4;242,243,248,247
4;243,244,249,248
4;244,140,145,249
4;253,252,251,250
4;252,255,254,251
4;255,257,256,254
4;257,259,258,256
4;259,153,150,258
4;250,251,261,260
4;251,254,262,261
4;254,256,263,262
4;256,258,264,263
4;258,150,160,264
4;260,261,266,265
4;261,262,267,266
4;262,263,268,267
4;263,264,269,268
4;264,160,165,269
4;265,266,271,270
4;266,267,272,271
4;267,268,273,272
4;268,269,274,273
4;269,165,170,274
4;270,271,222,223
4;271,272,225,222
4;272,273,227,225
4;273,274,229,227
4;274,170,123,229
4;278,277,276,275
4;277,280,279,276
4;280,282,281,279
4;282,284,283,281
4;284,178,175,283
4;275,276,286,285
4;276,279,287,286
4;279,281,288,287
4;281,283,289,288
4;283,175,185,289
4;285,286,291,290
4;286,287,292,291
4;287,288,293,292
4;288,289,294,293
4;289,185,190,294
4;290,291,296,295
4;291,292,297,296
4;292,293,298,297
4;293,294,299,298
4;294,190,195,299
4;295,296,252,253
4;296,297,255,252
4;297,298,257,255
4;298,299,259,257
4;299,195,153,259
4;245,246,301,300
4;246,247,302,301
4;247,248,303,302
4;248,249,304,303
4;249,145,200,304
4;300,301,306,305
4;301,302,307,306
4;302,303,308,307
4;303,304,309,308
4;304,200,205,309
4;305,306,311,310
4;306,307,312,311
4;307,308,313,312
4;308,309,314,313
4;309,205,210,314
4;310,311,316,315
4;311,312,317,316
4;312,313,318,317
4;313,314,319,318
4;314,210,215,319
4;315,316,277,278
4;316,317,280,277
4;317,318,282,280
4;318,319,284,282
4;319,215,178,284
4;323,322,321,320
4;322,325,324,321
4;325,327,326,324
4;327,329,328,326
4;329,331,330,328
4;320,321,333,332
4;321,324,334,333
4;324,326,335,334
4;326,328,336,335
4;328,330,337,336
4;332,333,339,338
4;333,334,340,339
4;334,335,341,340
4;335,336,342,341
4;336,337,343,342
4;338,339,345,344
4;339,340,346,345
4;340,341,347,346
4;341,342,348,347
4;342,343,349,348
4;344,345,351,350
4;345,346,352,351
4;346,347,353,352
4;347,348,354,353
4;348,349,355,354
4;350,351,357,356
4;351,352,358,357
4;352,353,359,358
4;353,354,360,359
4;354,355,361,360
4;356,357,363,362
4;357,358,364,363
4;358,359,365,364
4;359,360,366,365
4;360,361,367,366
4;362,363,369,368
4;363,364,370,369
4;364,365,371,370
4;365,366,372,371
4;366,367,373,372
4;368,369,375,374
4;369,370,376,375
4;370,371,377,376
4;371,372,378,377
4;372,373,379,378
4;374,375,322,323
4;375,376,325,322
4;376,377,327,325
4;377,378,329,327
4;378,379,331,329
4;383,382,381,380
4;382,385,384,381
4;385,387,386,384
4;387,389,388,386
4;389,323,320,388
4;380,381,391,390
4;381,384,392,391
4;384,386,393,392
4;386,388,394,393
4;388,320,332,394
4;390,391,396,395
4;391,392,397,396
4;392,393,398,397
4;393,394,399,398
4;394,332,338,399
4;395,396,401,400
4;396,397,402,401
4;397,398,403,402
4;398,399,404,403
4;399,338,344,404
4;400,401,405,153
4;401,402,406,405
4;402,403,407,406
4;403,404,408,407
4;404,344,350,408
4;153,405,410,409
4;405,406,411,410
4;406,407,412,411
4;407,408,413,412
4;408,350,356,413
4;409,410,415,414
4;410,411,416,415
4;411,412,417,416
4;412,413,418,417
4;413,356,362,418
4;414,415,420,419
4;415,416,421,420
4;416,417,422,421
4;417,418,423,422
4;418,362,368,423
4;419,420,425,424
4;420,421,426,425
4;421,422,427,426
4;422,423,428,427
4;423,368,374,428
4;424,425,382,383
4;425,426,385,382
4;426,427,387,385
4;427,428,389,387
4;428,374,323,389
4;432,431,430,429
4;431,434,433,430
4;434,436,435,433
4;436,438,437,435
4;438,440,439,437
4;429,430,442,441
4;430,433,443,442
4;433,435,444,443
4;435,437,445,444
4;437,439,446,445
4;441,442,448,447
4;442,443,449,448
4;443,444,450,449
4;444,445,451,450
4;445,446,452,451
4;447,448,454,453
4;448,449,455,454
4;449,450,456,455
4;450,451,457,456
4;451,452,458,457
4;453,454,460,459
4;454,455,461,460
4;455,456,462,461
4;456,457,463,462
4;457,458,464,463
4;459,460,466,465
4;460,461,467,466
4;461,462,468,467
4;462,463,469,468
4;463,464,470,469
4;465,466,472,471
4;466,467,473,472
4;467,468,474,473
4;468,469,475,474
4;469,470,476,475
4;471,472,478,477
4;472,473,479,478
4;473,474,480,479
4;474,475,481,480
4;475,476,482,481
4;477,478,484,483
4;478,479,485,484
4;479,480,486,485
4;480,481,487,486
4;481,482,488,487
4;483,484,431,432
4;484,485,434,431
4;485,486,436,434
4;486,487,438,436
4;487,488,440,438
4;492,491,490,489
4;491,494,493,490
4;494,496,495,493
4;496,498,497,495
4;498,432,429,497
4;489,490,500,499
4;490,493,501,500
4;493,495,502,501
4;495,497,503,502
4;497,429,441,503
4;499,500,505,504
4;500,501,506,505
4;501,502,507,506
4;502,503,508,507
4;503,441,447,508
4;504,505,510,509
4;505,506,511,510
4;506,507,512,511
4;507,508,513,512
4;508,447,453,513
4;509,510,515,514
4;510,511,516,515
4;511,512,517,516
4;512,513,518,517
4;513,453,459,518
4;514,515,520,519
4;515,516,521,520
4;516,517,522,521
4;517,518,523,522
4;518,459,465,523
4;519,520,525,524
4;520,521,526,525
4;521,522,527,526
4;522,523,528,527
4;523,465,471,528
4;524,525,530,529
4;525,526,531,530
4;526,527,532,531
4;527,528,533,532
4;528,471,477,533
4;529,530,535,534
4;530,531,536,535
4;531,532,537,536
4;532,533,538,537
4;533,477,483,538
4;534,535,491,492
4;535,536,494,491
4;536,537,496,494
4;537,538,498,496
4;538,483,432,498
4;542,541,540,539
4;541,544,543,540
4;544,546,545,543
4;546,548,547,545
3;548,549,547
4;539,540,551,550
4;540,543,552,551
4;543,545,553,552
4;545,547,554,553
3;547,549,554
4;550,551,556,555
4;551,552,557,556
4;552,553,558,557
4;553,554,559,558
3;554,549,559
4;555,556,561,560
4;556,557,562,561
4;557,558,563,562
4;558,559,564,563
3;559,549,564
4;560,561,566,565
4;561,562,567,566
4;562,563,568,567
4;563,564,569,568
3;564,549,569
4;573,572,571,570
4;572,575,574,571
4;575,577,576,574
4;577,579,578,576
3;579,549,578
4;570,571,581,580
4;571,574,582,581
4;574,576,583,582
4;576,578,584,583
3;578,549,584
4;580,581,586,585
4;581,582,587,586
4;582,583,588,587
4;583,584,589,588
3;584,549,589
4;585,586,591,590
4;586,587,592,591
4;587,588,593,592
4;588,589,594,593
3;589,549,594
4;590,591,541,542
4;591,592,544,541
4;592,593,546,544
4;593,594,548,546
3;594,549,548
4;598,597,596,595
4;597,600,599,596
4;600,602,601,599
4;602,604,603,601
3;604,549,603
4;595,596,606,605
4;596,599,607,606
4;599,601,608,607
4;601,603,609,608
3;603,549,609
4;605,606,611,610
4;606,607,612,611
4;607,608,613,612
4;608,609,614,613
3;609,549,614
4;610,611,616,615
4;611,612,617,616
4;612,613,618,617
4;613,614,619,618
3;614,549,619
4;615,616,572,573
4;616,617,575,572
4;617,618,577,575
4;618,619,579,577
3;619,549,579
4;565,566,621,620
4;566,567,622,621
4;567,568,623,622
4;568,569,624,623
3;569,549,624
4;620,621,626,625
4;621,622,627,626
4;622,623,628,627
4;623,624,629,628
3;624,549,629
4;625,626,631,630
4;626,627,632,631
4;627,628,633,632
4;628,629,634,633
3;629,549,634
4;630,631,636,635
4;631,632,637,636
4;632,633,638,637
4;633,634,639,638
3;634,549,639
4;635,636,597,598
4;636,637,600,597
4;637,638,602,600
4;638,639,604,602
3;639,549,604
4;643,642,641,640
4;642,645,644,641
4;645,647,646,644
4;647,649,648,646
4;649,542,539,648
4;640,641,651,650
4;641,644,652,651
4;644,646,653,652
4;646,648,654,653
4;648,539,550,654
4;650,651,656,655
4;651,652,657,656
4;652,653,658,657
4;653,654,659,658
4;654,550,555,659
4;655,656,661,660
4;656,657,662,661
4;657,658,663,662
4;658,659,664,663
4;659,555,560,664
4;660,661,666,665
4;661,662,667,666
4;662,663,668,667
4;663,664,669,668
4;664,560,565,669
4;673,672,671,670
4;672,675,674,671
4;675,677,676,674
4;677,679,678,676
4;679,573,570,678
4;670,671,681,680
4;671,674,682,681
4;674,676,683,682
4;676,678,684,683
4;678,570,580,684
4;680,681,686,685
4;681,682,687,686
4;682,683,688,687
4;683,684,689,688
4;684,580,585,689
4;685,686,691,690
4;686,687,692,691
4;687,688,693,692
4;688,689,694,693
4;689,585,590,694
4;690,691,642,643
4;691,692,645,642
4;692,693,647,645
4;693,694,649,647
4;694,590,542,649
4;698,697,696,695
4;697,700,699,696
4;700,702,701,699
4;702,704,703,701
4;704,598,595,703
4;695,696,706,705
4;696,699,707,706
4;699,701,708,707
4;701,703,709,708
4;703,595,605,709
4;705,706,711,710
4;706,707,712,711
4;707,708,713,712
4;708,709,714,713
4;709,605,610,714
4;710,711,716,715
4;711,712,717,716
4;712,713,718,717
4;713,714,719,718
4;714,610,615,719
4;715,716,672,673
4;716,717,675,672
4;717,718,677,675
4;718,719,679,677
4;719,615,573,679
4;665,666,721,720
4;666,667,722,721
4;667,668,723,722
4;668,669,724,723
4;669,565,620,724
4;720,721,726,725
4;721,722,727,726
4;722,723,728,727
4;723,724,729,728
4;724,620,625,729
4;725,726,731,730
4;726,727,732,731
4;727,728,733,732
4;728,729,734,733
4;729,625,630,734
4;730,731,736,735
4;731,732,737,736
4;732,733,738,737
4;733,734,739,738
4;734,630,635,739
4;735,736,697,698
4;736,737,700,697
4;737,738,702,700
4;738,739,704,702
4;739,635,598,704
4;278,742,741,740
4;742,744,743,741
4;744,746,745,743
4;746,748,747,745
3;748,749,747
4;740,741,750,310
4;741,743,751,750
4;743,745,752,751
4;745,747,753,752
3;747,749,753
4;310,750,754,305
4;750,751,755,754
4;751,752,756,755
4;752,753,757,756
3;753,749,757
4;305,754,759,758
4;754,755,760,759
4;755,756,761,760
4;756,757,762,761
3;757,749,762
4;758,759,763,245
4;759,760,764,763
4;760,761,765,764
4;761,762,766,765
3;762,749,766
4;253,769,768,767
4;769,771,770,768
4;771,773,772,770
4;773,775,774,772
3;775,749,774
4;767,768,776,290
4;768,770,777,776
4;770,772,778,777
4;772,774,779,778
3;774,749,779
4;290,776,780,285
4;776,777,781,780
4;777,778,782,781
4;778,779,783,782
3;779,749,783
4;285,780,785,784
4;780,781,786,785
4;781,782,787,786
4;782,783,788,787
3;783,749,788
4;784,785,742,278
4;785,786,744,742
4;786,787,746,744
4;787,788,748,746
3;788,749,748
4;223,791,790,789
4;791,793,792,790
4;793,795,794,792
4;795,797,796,794
3;797,749,796
4;789,790,798,265
4;790,792,799,798
4;792,794,800,799
4;794,796,801,800
3;796,749,801
4;265,798,802,260
4;798,799,803,802
4;799,800,804,803
4;800,801,805,804
3;801,749,805
4;260,802,807,806
4;802,803,808,807
4;803,804,809,808
4;804,805,810,809
3;805,749,810
4;806,807,769,253
4;807,808,771,769
4;808,809,773,771
4;809,810,775,773
3;810,749,775
4;245,763,812,811
4;763,764,813,812
4;764,765,814,813
4;765,766,815,814
3;766,749,815
4;811,812,816,235
4;812,813,817,816
4;813,814,818,817
4;814,815,819,818
3;815,749,819
4;235,816,820,230
4;816,817,821,820
4;817,818,822,821
4;818,819,823,822
3;819,749,823
4;230,820,825,824
4;820,821,826,825
4;821,822,827,826
4;822,823,828,827
3;823,749,828
4;824,825,791,223
4;825,826,793,791
4;826,827,795,793
4;827,828,797,795
3;828,749,797