500
4;44,2,0,46
4;45,47,1,3
4;42,4,2,44
4;43,45,3,5
4;4,6,8,2
4;5,3,9,7
4;2,8,10,0
4;3,1,11,9
4;8,14,12,10
4;9,11,13,15
4;6,16,14,8
4;7,9,15,17
4;16,18,20,14
4;17,15,21,19
4;14,20,22,12
4;15,13,23,21
4;20,26,24,22
4;21,23,25,27
4;18,28,26,20
4;19,21,27,29
4;28,30,32,26
4;29,27,33,31
4;26,32,34,24
4;27,25,35,33
4;32,38,36,34
4;33,35,37,39
4;30,40,38,32
4;31,33,39,41
4;40,42,44,38
4;41,39,45,43
4;38,44,46,36
4;39,37,47,45
4;48,50,36,46
4;49,47,37,51
4;50,52,34,36
4;51,37,35,53
4;52,54,24,34
4;53,35,25,55
4;54,56,22,24
4;55,25,23,57
4;56,58,12,22
4;57,23,13,59
4;58,62,10,12
4;59,13,11,63
4;62,64,0,10
4;63,11,1,65
4;64,48,46,0
4;65,1,47,49
3;48,64,60
3;61,65,49
3;60,64,62
3;63,65,61
3;62,58,60
3;61,59,63
3;58,56,60
3;61,57,59
3;56,54,60
3;61,55,57
3;54,52,60
3;61,53,55
3;52,50,60
3;61,51,53
3;50,48,60
3;61,49,51
4;90,175,173,88
4;90,89,174,175
4;88,173,171,86
4;89,87,172,174
4;86,171,169,84
4;87,85,170,172
4;84,169,167,82
4;85,83,168,170
4;82,167,165,80
4;83,81,166,168
4;163,145,91,78
4;164,79,92,146
4;145,147,93,91
4;146,92,94,148
4;147,149,95,93
4;148,94,96,150
4;149,151,97,95
4;150,96,98,152
4;151,153,99,97
4;152,98,100,154
4;153,155,101,99
4;154,100,102,156
4;155,157,103,101
4;156,102,104,158
4;157,159,105,103
4;158,104,106,160
4;159,161,107,105
4;160,106,108,162
4;161,67,66,107
4;162,108,66,67
4;161,159,127,109
4;162,110,128,160
4;159,157,178,127
4;160,128,179,158
4;178,157,155,125
4;179,126,156,158
4;125,155,153,123
4;126,124,154,156
4;123,153,151,121
4;124,122,152,154
4;121,151,149,119
4;122,120,150,152
4;119,149,147,117
4;120,118,148,150
4;117,147,145,115
4;118,116,146,148
4;115,145,163,113
4;116,114,164,146
4;163,176,180,113
4;164,114,181,176
4;111,67,161,109
4;112,110,162,67
4;182,177,67,111
4;183,112,67,177
4;177,182,180,176
4;177,176,181,183
4;173,175,136,134
4;174,135,136,175
4;171,173,134,132
4;172,133,135,174
4;169,171,132,130
4;170,131,133,172
4;167,184,186,165
4;168,166,187,185
4;184,167,169,130
4;185,131,170,168
4;186,188,189,143
4;187,144,189,188
4;68,188,186,184
4;68,185,187,188
4;68,184,130,129
4;68,129,131,185
4;143,190,192,141
4;144,142,193,191
4;141,192,194,139
4;142,140,195,193
4;139,194,196,138
4;140,138,197,195
4;138,196,70,137
4;138,137,70,197
4;69,190,143,189
4;69,189,144,191
4;207,205,190,69
4;207,69,191,206
4;196,199,198,70
4;197,70,198,200
4;194,201,199,196
4;195,197,200,202
4;192,203,201,194
4;193,195,202,204
4;190,205,203,192
4;191,193,204,206
4;199,201,203,198
4;200,198,204,202
4;203,205,207,198
4;204,198,207,206
4;176,163,139,138
4;176,138,140,164
4;163,210,141,139
4;164,140,142,211
4;210,212,143,141
4;211,142,144,213
4;212,165,186,143
4;213,144,187,166
4;165,212,208,80
4;166,81,209,213
4;212,210,214,208
4;213,209,215,211
4;214,210,163,78
4;215,79,164,211
4;221,71,129,130
4;222,131,129,71
4;219,221,130,132
4;220,133,131,222
4;217,219,132,134
4;218,135,133,220
4;216,217,134,136
4;216,136,135,218
4;230,228,217,216
4;230,216,218,229
4;228,226,219,217
4;229,218,220,227
4;226,224,221,219
4;227,220,222,225
4;224,223,71,221
4;225,222,71,223
4;224,228,230,223
4;225,223,230,229
3;226,228,224
3;225,229,227
4;231,233,180,182
4;232,183,181,234
4;253,231,182,111
4;254,112,183,232
4;255,253,111,109
4;256,110,112,254
4;233,251,113,180
4;234,181,114,252
4;251,249,115,113
4;252,114,116,250
4;249,247,117,115
4;250,116,118,248
4;247,245,119,117
4;248,118,120,246
4;245,243,121,119
4;246,120,122,244
4;243,241,123,121
4;244,122,124,242
4;241,239,125,123
4;242,124,126,240
4;239,235,178,125
4;240,126,179,236
4;235,237,127,178
4;236,179,128,238
4;237,255,109,127
4;238,128,110,256
4;275,257,255,237
4;276,238,256,258
4;277,275,237,235
4;278,236,238,276
4;273,277,235,239
4;274,240,236,278
4;271,273,239,241
4;272,242,240,274
4;269,271,241,243
4;270,244,242,272
4;267,269,243,245
4;268,246,244,270
4;265,267,245,247
4;266,248,246,268
4;263,265,247,249
4;264,250,248,266
4;261,263,249,251
4;262,252,250,264
4;279,261,251,233
4;280,234,252,262
4;257,259,253,255
4;258,256,254,260
4;259,281,231,253
4;260,254,232,282
4;281,279,233,231
4;282,232,234,280
4;72,283,107,66
4;72,66,108,284
4;283,285,105,107
4;284,108,106,286
4;285,287,103,105
4;286,106,104,288
4;287,289,101,103
4;288,104,102,290
4;289,291,99,101
4;290,102,100,292
4;291,293,97,99
4;292,100,98,294
4;293,295,95,97
4;294,98,96,296
4;295,297,93,95
4;296,96,94,298
4;297,299,91,93
4;298,94,92,300
4;337,327,308,307
4;338,307,308,328
4;335,337,307,306
4;336,306,307,338
4;339,335,306,305
4;340,305,306,336
4;339,305,90,88
4;340,89,90,305
4;333,339,88,86
4;334,87,89,340
4;329,333,86,84
4;330,85,87,334
4;331,329,84,82
4;332,83,85,330
4;331,337,335,329
4;332,330,336,338
4;335,339,333,329
4;336,330,334,340
4;327,337,331,325
4;328,326,332,338
4;325,331,82,80
4;326,81,83,332
4;214,343,341,208
4;215,209,342,344
4;208,341,325,80
4;209,81,326,342
4;345,343,214,78
4;346,79,215,344
4;91,299,345,78
4;92,79,346,300
4;303,351,323,76
4;303,76,324,352
4;77,349,351,303
4;77,303,352,350
4;304,347,349,77
4;304,77,350,348
4;308,327,347,304
4;308,304,348,328
4;341,347,327,325
4;342,326,328,348
4;309,317,297,295
4;310,296,298,318
4;76,323,315,75
4;76,75,316,324
4;302,355,357,301
4;302,301,358,356
4;74,353,355,302
4;74,302,356,354
4;75,315,353,74
4;75,74,354,316
4;363,361,293,291
4;364,292,294,362
4;365,367,361,363
4;366,364,362,368
4;371,369,367,365
4;372,366,368,370
4;373,375,369,371
4;374,372,370,376
4;375,373,377,313
4;376,314,378,374
4;377,373,353,315
4;378,316,354,374
4;373,371,355,353
4;374,354,356,372
4;371,365,357,355
4;372,356,358,366
4;365,363,359,357
4;366,358,360,364
4;359,363,291,289
4;360,290,292,364
4;301,357,359,73
4;301,73,360,358
4;289,287,285,283
4;290,284,286,288
4;73,359,289,283
4;73,284,290,360
3;73,283,72
3;72,284,73
4;361,309,295,293
4;362,294,296,310
4;361,367,311,309
4;362,310,312,368
4;367,369,381,311
4;368,312,382,370
4;381,369,375,313
4;382,314,376,370
4;383,385,349,347
4;384,348,350,386
4;319,385,383,317
4;320,318,384,386
4;317,383,299,297
4;318,298,300,384
4;383,341,343,299
4;384,300,344,342
3;383,347,341
3;342,348,384
3;343,345,299
3;300,346,344
4;377,379,321,313
4;378,314,322,380
4;323,379,377,315
4;324,316,378,380
4;321,379,385,319
4;322,320,386,380
4;385,379,351,349
4;386,350,352,380
3;351,379,323
3;324,380,352
4;401,413,387,399
4;402,400,388,414
4;397,403,401,399
4;398,400,402,404
4;395,405,403,397
4;396,398,404,406
4;393,407,405,395
4;394,396,406,408
4;391,409,407,393
4;392,394,408,410
4;389,411,409,391
4;390,392,410,412
4;411,417,419,409
4;412,410,420,418
4;409,419,421,407
4;410,408,422,420
4;407,421,423,405
4;408,406,424,422
4;405,423,425,403
4;406,404,426,424
4;403,425,427,401
4;404,402,428,426
4;427,415,413,401
4;428,402,414,416
4;441,443,319,317
4;442,318,320,444
4;443,411,389,319
4;444,320,390,412
4;311,441,317,309
4;312,310,318,442
4;387,413,429,381
4;388,382,430,414
4;443,439,417,411
4;444,412,418,440
4;439,443,445,437
4;440,438,446,444
4;435,437,445,433
4;436,434,446,438
4;433,445,447,431
4;434,432,448,446
4;449,431,447,429
4;450,430,448,432
4;415,449,429,413
4;416,414,430,450
4;381,429,447,311
4;382,312,448,430
4;447,445,441,311
4;448,312,442,446
3;445,443,441
3;442,444,446
4;475,451,449,415
4;476,416,450,452
4;451,461,431,449
4;452,450,432,462
4;461,459,433,431
4;462,432,434,460
4;459,457,435,433
4;460,434,436,458
4;457,455,437,435
4;458,436,438,456
4;455,453,439,437
4;456,438,440,454
4;453,473,417,439
4;454,440,418,474
4;463,475,415,427
4;464,428,416,476
4;465,463,427,425
4;466,426,428,464
4;467,465,425,423
4;468,424,426,466
4;469,467,423,421
4;470,422,424,468
4;471,469,421,419
4;472,420,422,470
4;473,471,419,417
4;474,418,420,472
4;477,479,455,457
4;478,458,456,480
4;483,481,479,477
4;484,478,480,482
4;485,487,481,483
4;486,484,482,488
4;491,489,487,485
4;492,486,488,490
4;491,485,475,463
4;492,464,476,486
4;475,485,483,451
4;476,452,484,486
4;483,477,461,451
4;484,452,462,478
4;459,461,477,457
4;460,458,478,462
4;455,479,473,453
4;456,454,474,480
4;473,479,481,471
4;474,472,482,480
4;471,481,487,469
4;472,470,488,482
4;469,487,489,467
4;470,468,490,488
4;467,489,491,465
4;468,466,492,490
3;465,491,463
3;464,492,466
4;501,503,389,391
4;502,392,390,504
4;499,501,391,393
4;500,394,392,502
4;497,499,393,395
4;498,396,394,500
4;495,497,395,397
4;496,398,396,498
4;493,495,397,399
4;494,400,398,496
4;505,493,399,387
4;506,388,400,494
4;505,503,501,493
4;506,494,502,504
4;501,499,495,493
4;502,494,496,500
3;499,497,495
3;496,498,500
4;505,387,381,313
4;506,314,382,388
4;321,503,505,313
4;322,314,506,504
4;389,503,321,319
4;390,320,322,504